0.031733124178
0.0324675830073
0.0325372500538
0.0324372396429
0.0328055871997
0.0322979312268
0.0326627405183
0.0326708650616
0.032457953671
0.0330167705878
0.0324904548175
0.0326959609754
0.0329473644523
0.0323441771516
0.0328174300999
0.0328604016954
0.0326177520109
0.0324669718482
0.0326937259321
0.0327057023192
0.0328752633869
0.0329620367815
0.0330859405628
0.0331989904971
0.0330477163298
0.0329413965584
0.0328612072336
0.0328402016603
0.0326955463541
0.0327849948925
0.0326234762083
0.0327077881152
0.0325736706578
0.0331601963384
0.0331075131005
0.0328149254143
0.0327379020092
0.0330064032536
0.0327914067573
0.0328658887327
0.0330830300103
0.0328815306774
0.032853632628
0.0330435189492
0.0331866340323
0.0330505530084
0.0329954807222
0.0331978224362
0.0329633795447
0.0328945275982
0.0328447156965
0.0331066439174
0.033303315597
0.0330923091244
0.0328537743712
0.0326902112308
0.0330039606693
0.0330946308555
0.033001926105
0.0330457343085
0.0329497641347
0.0331802399022
0.0328485393674
0.0331521049592
0.0332681317007
0.0327926949669
0.0329132999137
0.0332276798114
0.0328373486003
0.0330358839532
0.0328202566606
0.0329762888665
0.0332075378678
0.0330245710251
0.0329543578318
0.0333211143868
0.0332360905411
0.0330433186093
0.0331413119722
0.0332038229599
0.0330146101361
0.0328025828301
0.0330287731254
0.0331740957173
0.0330803182932
0.0332107052901
0.0330309119839
0.0329783471049
0.0329000453933
0.0330514637363
0.0327655956941
0.0330035151914
0.0328395953794
0.0332981199037
0.0331112271631
0.0331724197403
0.0330458865033
0.0329032339514
0.032919638562
0.0329295710722
0.0328099551921
0.0330969226853
0.0330498459574
0.032991917495
0.0328030038147
0.0333062963008
0.0328168645688
0.0332185893112
0.033092463299
0.033346993186
0.0331143113905
0.0332502806882
0.0332242399367
0.0329276715789
0.0330976846449
0.0330062413085
0.0331601340486
0.033007672512
0.0332336150664
0.0330242980576
0.0330608750017
0.0331795952707
0.0329948592322
0.0329061327537
0.0328698576416
0.0330076214033
0.0330369175757
0.033200851705
0.0331757640295
0.032944054051
0.03315950057
0.0327803197978
0.0332078405312
0.0331678616294
0.0329907657323
0.0333314791571
0.0331205452603
0.0330255266083
0.0330971440532
0.0332642376726
0.032856850327
0.0329961216145
0.033085818727
0.0331161137853
0.0330496831563
0.03334348962
0.0330900568281
0.0330395634035
0.0331145726775
0.0330689453654
0.032952348546
0.0333139937042
0.0331569676481
0.033451745636
0.0330198393904
0.0332730413809
0.0331566283756
0.0330635022555
0.0331706671043
0.0330518309353
0.0328978119012
0.033067064235
0.0333385585323
0.0332268607756
0.0330872849188
0.032999266664
0.0331741882888
0.0329293597605
0.0333584210529
0.0333741125302
0.0335196038474
0.0330134291274
0.0332327641019
0.0330547848362
0.0330175445781
0.0327022248735
0.0329935481191
0.0327262600132
0.0333706839919
0.0329353582106
0.0331233670864
0.0330038255185
0.0331832744744
0.0330953002327
0.0331943899281
0.0331866514781
0.0330084484356
0.0328725583491
0.0330230345287
0.0331448059582
0.0330670721778
0.0331168347311
0.0331978300305
0.0327957041704
0.0330891861767
0.0331153587856
0.0333117670649
0.0331649974454
0.0332441078817
0.0333729441092
0.0330489837417
0.0332371089329
0.0334355685928
0.0332097065891
0.0331347793593
0.0333670851648
0.0331263523037
0.0329706331983
0.0328886802103
0.0332692051726
0.0328806881847
0.0330739759888
0.0329502701207
0.0332129458252
0.0330280444234
0.0331751651796
0.0333077865912
0.0332009073088
0.0331864244713
0.0331969125657
0.0329703038179
0.0331694718115
0.0330579442231
0.032826721564
0.0331755077636
0.0333312615265
0.0331080797537
0.033226362486
0.0330048861427
0.0329547329717
0.0331289306799
0.0332109353255
0.0333542745744
0.0332249471794
0.0332814170477
0.0333691731385
0.0332143582167
0.0329965064279
0.0332347512283
0.0333053512818
0.0328711671691
0.0331568031781
0.0332567039765
0.033377779583
0.0332406866769
0.033202175552
0.033069851877
0.0332596207746
0.0331335413917
0.0329538486545
0.0331430278171
0.0332796897337
0.0332415103388
0.0333113868761
0.0331878669307
0.0330584707505
0.0331546903578
0.0333479485032
0.0332402051659
0.0330295896957
0.0333856917408
0.0330539170969
0.0330295375942
0.0329746527797
0.0334892406253
0.0330879187663
0.0330822038262
0.0329712023596
0.0330930443627
0.0329307218056
0.0332892482883
0.0332882098369
0.033104099304
0.0332625499441
0.0331196953289
0.0328068593928
0.0333382707341
0.0330351449506
0.0330404784417
0.0334599667556
0.0332653535552
0.0330619202448
0.0330941514063
0.0330891652197
0.0328329177482
0.0330209236221
0.0330362171227
0.0331039030438
0.0334372596494
0.0329497817772
0.0334688111531
0.0332713283728
0.0330417326004
0.0330909416756
0.0330654518597
0.0330900145144
0.0330230753284
0.0331858529202
0.0331354087278
0.0332340950099
0.0335316490604
0.0333206014666
0.0331688909921
0.0332409556363
0.0333963977642
0.0332171740891
0.0330378679391
0.0329689527774
0.0331764067997
0.0328837870651
0.0332315816156
0.0331605186925
0.0332821005834
0.0330727789414
0.0333475681421
0.0329819451157
0.0332168350834
0.0332954687186
0.0331706945207
0.0328404656013
0.03351449159
0.0332263529774
0.0332235799147
0.0331358711127
0.0333055963715
0.0332094682803
0.033067095916
0.0331241989787
0.0331290758881
0.0334004881068
0.0332247281065
0.0329554727316
0.0332521117906
0.0331401171964
0.0330526159261
0.0333144383406
0.0331582978881
0.0331091475738
0.033197348167
0.0329135282633
0.0330427508599
0.033150041094
0.0332361044337
0.0332373920615
0.0332234207755
0.0331648562651
0.0331873983784
0.0329442267193
0.033154719906
0.0331452365435
0.0331785109815
0.032988785549
0.0333272600964
0.033160550017
0.0331889550859
0.0331123083903
0.0332760250595
0.0333636333811
0.0332760112419
0.032990104862
0.0333121262142
0.0332361320811
0.0334074730707
0.0331197823073
0.0333099116774
0.0332235848406
0.0332206072672
0.0329640420529
0.0330688903836
0.0331604019635
0.0333214138761
0.0333675844011
0.0332465199345
0.0332327871622
0.033143948226
0.0328998338155
0.0332710032609
0.0331986612407
0.0330464800477
0.0331105320751
0.0330538082312
0.0333333154963
0.033113422042
0.0331555732973
0.0331649000289
0.0330076594925
0.0330378852355
0.0331819723892
0.0330092292136
0.0332744673692
0.0333586359311
0.0331844172184
0.0332514938184
0.0329516591451
0.0332539425717
0.0332666001422
0.0329584238472
0.0333848158676
0.0331146960125
0.033077682519
0.0330508824442
0.0331462600019
0.033168217195
0.033264615198
0.0331408230579
0.0331446005957
0.0329755110193
0.0331852632691
0.0332503169498
0.0333519721321
0.0331278284385
0.03326422431
0.0332378052164
0.0330861264477
0.0333568584727
0.0331198828693
0.0334513614769
0.0332679709972
0.0328192464485
0.033351144207
0.0329473363291
0.0332713902181
0.0330958332976
0.0331288395319
0.0331399551159
0.0331815888309
0.0330032942786
0.0336429663627
0.0331287775022
0.0330590298331
0.0331252657639
0.0332551789583
0.0332433048867
0.033285206356
0.0333428767245
0.0332086301345
0.0331281007598
0.0329956806743
0.0332129595893
0.0331597168976
0.0332202535945
0.033240298387
0.0333355585281
0.0332819962051
0.0332281256211
0.0334207757163
0.0330375028749
0.032980413597
0.0333341431953
0.0331246916138
0.0329275763058
0.0331223418679
0.0329316912403
0.0332907833788
0.0335986782471
0.0332046019443
0.0332525999365
0.0332165519513
0.0334455327762
0.0332046930313
0.0331637375624
0.0334091728208
0.0330072629999
0.0332429137511
0.0331893244573
0.0333807133198
0.033278967444
0.0332190513385
0.0331910311899
0.0333712835929
0.0331412749898
0.0331986616232
0.0330690834864
0.0331238152037
0.0330131719873
0.0331091884656
0.0332454496083
0.0331812121429
0.0333435642685
0.0332210101443
0.0329547835833
0.0333144250836
0.0333518096394
0.0332889402598
0.0332805547641
0.0334137626675
0.0330160274376
0.0329625081696
0.0333606521941
0.0331392948726
0.0334026657169
0.0333105427897
0.0331148070843
0.0334123657099
0.0331027631831
0.0334418251393
0.0330801671774
0.0330431721896
0.0334938708245
0.0330422979199
0.033275782775
0.0331165274856
0.0333794249685
0.0335266461885
0.0335019058357
0.0333093692976
0.0333058409556
0.0332255799192
0.0335357159213
0.0330570709274
0.0333538802808
0.0334233698077
0.0330939218263
0.0332608267993
0.0332006689716
0.0331160590524
0.0329224525903
0.0332510761628
0.0331951347059
0.0333944175729
0.0330826013523
0.0332928926959
0.0333002414043
0.0333796228164
0.0331711212532
0.033196329814
0.0332448452391
0.0330326265186
0.0333272773263
0.0332915304852
0.0329415346264
0.0332416557795
0.0332898442919
0.0334049455804
0.0332041671134
0.0332484752811
0.0333940411833
0.0333208329949
0.0331106892034
0.0332046555355
0.0333181026384
0.0333166622218
0.0330336840452
0.0330908462287
0.0332757288574
0.0332860284507
0.0331930691188
0.033474801478
0.0332471528611
0.0330689237524
0.0333190240531
0.0332479990037
0.0335695082838
0.0333808772132
0.0331584015586
0.0331650287651
0.0332546948132
0.0330401679233
0.0332010912479
0.0332123457051
0.0334026052517
0.0331343091852
0.0332913788276
0.0332196555632
0.0332318476584
0.0332073827916
0.0330833520609
0.0334966536648
0.0332782710343
0.033032459751
0.033223481902
0.0331399298122
0.0332133344364
0.0331394409245
0.0332697736293
0.0332208816385
0.0331124420136
0.0331219125188
0.0333305707783
0.0333110047397
0.0331512222677
0.0332999111155
0.033293608157
0.0331345635436
0.0331727362572
0.0331110370799
0.0332300101337
0.0328443393364
0.033246346734
0.0331230792273
0.0331895494225
0.0332353837267
0.0333501932091
0.0330572176601
0.0333001025134
0.0333674719647
0.0330215279746
0.0333405002702
0.0332823013873
0.0332617226915
0.0331959439739
0.0333219330594
0.0331472161664
0.0333060873506
0.0332183637452
0.033306721804
0.0332426062126
0.0330950055395
0.0332861574099
0.0333069585814
0.0331329734645
0.0333312525694
0.0332244871887
0.033155296259
0.0329818634038
0.033145577726
0.0331131426954
0.0331935975405
0.0332917712172
0.0332044661224
0.0334129105806
0.0334440042707
0.0331527596181
0.0332276114113
0.0331950326899
0.0333195089079
0.0335513634734
0.0330220694187
0.0331948151249
0.0331943352879
0.0335334275276
0.0334198987833
0.0333158019071
0.0332938706304
0.0332894463569
0.0329262333798
0.0334839805894
0.0332513809016
0.0331197924648
0.033072526394
0.0332364837957
0.0333509784756
0.0331478508129
0.0335474962651
0.0334807967005
0.0332147764603
0.0331891328387
0.0332453230606
0.0334049030144
0.0333350668233
0.0330997734795
0.0332383481099
0.0333273135051
0.0333747812388
0.0332083941351
0.0330662630001
0.033155073165
0.0333111746431
0.0333299030981
0.0331902797999
0.0334200032545
0.033240539004
0.0332617027678
0.03318651176
0.0334159694013
0.0331580138283
0.0332057909189
0.0332099847486
0.033260648574
0.0333746628296
0.0334966496039
0.0332338933934
0.0331366319277
0.0333831702523
0.0333325235012
0.0333930569269
0.0332206245736
0.0332655771922
0.0332541113615
0.0333685973968
0.0332399940008
0.0334043192962
0.0333564025601
0.0333788976191
0.0331649450749
0.0332832520505
0.0334589619096
0.0332904781116
0.0331926889007
0.0331802337602
0.0333718552006
0.0331235604856
0.0334056702924
0.0332232197084
0.0332018581787
0.0333538827097
0.0332400310665
0.0331467029488
0.0333850851796
0.0332447290666
0.0330904732394
0.033150124139
0.0331975365398
0.0329669564712
0.0334051701402
0.0334527748516
0.033167121461
0.033476963254
0.0334139901809
0.0331988945444
0.0334516530766
0.0335064476303
0.0333557304181
0.0333411422006
0.0332324541563
0.0334028193146
0.0330779982243
0.0334815868683
0.0334289869396
0.0332685454651
0.0334332799507
0.0334673000112
0.0331510078564
0.0332587810649
0.0332118140054
0.0332048595589
0.0333492492757
0.0331012656029
0.0332292728539
0.0332688169588
0.0332330253429
0.0332751199041
0.0332250845031
0.0334533046822
0.0334095029882
0.0332453912955
0.0330991634171
0.0332967036087
0.0331925783933
0.033243320511
0.0335510310673
0.0336825436467
0.0332292824302
0.0331214089335
0.0332215162191
0.03300196561
0.0334439275531
0.0330933322177
0.0332256886019
0.0329891432766
0.0331529475946
0.0335728345433
0.0331536094445
0.0331312803553
0.0332981925765
0.0332758012085
0.0333343153978
0.0332090225763
0.0333556760681
0.0333288718327
0.0333484921783
0.033455063973
0.0334899416158
0.0333349551625
0.0332236905811
0.0332029883544
0.033392939463
0.0331792138347
0.03301101592
0.0332526587744
0.0335381269239
0.0333125313726
0.0333191251386
0.0331592546602
0.033257093028
0.0333005659087
0.0331372503765
0.0330856911158
0.0332728735985
0.0332925264707
0.0332728739381
0.0331287111407
0.0332078416074
0.0332708409183
0.0332405200134
0.0333620934333
0.0332025619718
0.0331920070223
0.0333479854193
0.0330486561916
0.0333685415025
0.0331542700851
0.0333419055655
0.033231691783
0.0331223927343
0.0330863138522
0.033339990799
0.0333949771479
0.0331722871488
0.0330874065217
0.0334180308885
0.033274309854
0.0333149040066
0.0332276983397
0.0332967757413
0.0333604953905
0.0335005245507
0.0335091009773
0.0332027889562
0.0330519606342
0.0332420415411
0.0333937452945
0.033281690794
0.0331513424223
0.0333627110532
0.0333852965285
0.0332281571303
0.0331134817611
0.0332696662002
0.0331215217954
0.0334243179269
0.0332149603378
0.0334133158761
0.033263024811
0.033556667341
0.0332629927538
0.0330978295232
0.0334681141407
0.0331310873691
0.0331455740772
0.0333131848441
0.0332549374711
0.0331594278503
0.0329569599768
0.0331757167835
0.0331379472685
0.0334557015334
0.033117630003
0.0330717025913
0.0332755907685
0.0334791071515
0.0333889021039
0.0331849289935
0.0332925652523
0.0330092090515
0.0332258848777
0.03338111141
0.0331374951541
0.0331830797602
0.0336298083547
0.0332553395278
0.0333150874292
0.0334171693916
0.0333069492163
0.0333102091369
0.0334564668063
0.0334561759259
0.0335815535518
0.0332974663365
0.0333532071609
0.0333451880387
0.0334499626817
0.0331659484142
0.0331453734443
0.0333576755285
0.0331547287401
0.0332766489828
0.0332292566178
0.033479986291
0.0333922529818
0.0332528093293
0.0329920027099
0.0333662971447
0.0332347952022
0.0333865919521
0.0333242783645
0.0333947874809
0.0332843178488
0.0330989451387
0.0332804941283
0.0334250287207
0.0333648616953
0.0333502795869
0.0332524425579
0.0332919464452
0.0334081471353
0.0331611810025
0.0332437204348
0.0330850341748
0.0332446693
0.0332675541896
0.0333059439832
0.0334561900298
0.033196987821
0.0332368322555
0.0330686539283
0.03345278404
0.033340810054
0.033311849597
0.0330178247462
0.0333820576805
0.0333712950312
0.0334744228997
0.0333020534636
0.0331038636535
0.033276289971
0.0332219558372
0.0336175313203
0.0333888628222
0.0332761056871
0.0332671488551
0.0331368273966
0.0334270372023
0.0333806665175
0.0332489172295
0.033291642138
0.0334448040239
0.0334638095611
0.0332963770618
0.0330041162271
0.0333121265179
0.0331693238178
0.0336064730044
0.0331705902804
0.0333809757238
0.0331495867045
0.0331497546187
0.0333387369368
0.0330823148219
0.0332220850789
0.0332980466062
0.0332757465257
0.0333403649061
0.0333002051197
0.033333791225
0.0332930023962
0.033111022262
0.0332186875534
0.0334386058498
0.0332605385297
0.033143331708
0.0334018313961
0.0334853045421
0.0333912865918
0.0331110181737
0.0333723475136
0.0333656342739
0.0334820036005
0.0332356259298
0.0332113116437
0.033081451594
0.033523496286
0.0331080557958
0.033229066465
0.03339428707
0.0333681439746
0.0333878478392
0.0333013205272
0.0333096041737
0.0335043461823
0.0331768910327
0.033295279395
0.0331612215577
0.0332602106781
0.0334765533414
0.0331611298674
0.0331567160894
0.0333228709022
0.033435565278
0.0333665539759
0.0333105553661
0.0332950802292
0.0333904600798
0.0331380581592
0.0332715846804
0.0334647213576
0.0332452574129
0.0334062585134
0.0334383789498
0.0332628667225
0.0333692825056
0.0334403533556
0.0333051947195
0.0333160131736
0.0332891844742
0.033219262714
0.0331195696335
0.033272872731
0.0331595725913
0.0333919023911
0.0333418587097
0.0333145171943
0.0333632840775
0.0334438780141
0.0331955078719
0.033113612123
0.0332820940675
0.0331710704952
0.0335059603442
0.0331911021279
